File: infiles/cantrbry/alice29.txt
 Length: 152089
 Memory (k)    Entropy H(Xn,...,Xn+k)  Entropy H(Xn+k|Xn,...Xn+k-1)  Max compression
 0             4.56765                 4.56765                       0.570957       
 1             7.98629                 3.41864                       0.42733        
 2             10.4715                 2.48516                       0.310645       
 3             12.2484                 1.77697                       0.222121       
 4             13.5721                 1.32371                       0.165463       
 5             14.5498                 0.977644                      0.122206       
 6             15.2736                 0.723812                      0.0904765      
 7             15.7956                 0.521983                      0.0652479      
 8             16.1668                 0.371265                      0.0464082      
 9             16.4347                 0.2679                        0.0334874      
 10            16.6271                 0.192352                      0.024044       

File: infiles/cantrbry/asyoulik.txt
 Length: 125179
 Memory (k)    Entropy H(Xn,...,Xn+k)  Entropy H(Xn+k|Xn,...Xn+k-1)  Max compression
 0             4.80808                 4.80808                       0.601011       
 1             8.22573                 3.41765                       0.427206       
 2             10.7639                 2.53813                       0.317267       
 3             12.6595                 1.89564                       0.236955       
 4             14.0392                 1.37967                       0.172458       
 5             15.0057                 0.966499                      0.120812       
 6             15.6667                 0.661006                      0.0826258      
 7             16.0917                 0.425                         0.053125       
 8             16.3572                 0.26548                       0.033185       
 9             16.5273                 0.170105                      0.0212631      
 10            16.6398                 0.112519                      0.0140648      

File: infiles/cantrbry/cp.html
 Length: 24603
 Memory (k)    Entropy H(Xn,...,Xn+k)  Entropy H(Xn+k|Xn,...Xn+k-1)  Max compression
 0             5.22901                 5.22901                       0.653627       
 1             8.69622                 3.46721                       0.433401       
 2             10.4342                 1.73802                       0.217253       
 3             11.2084                 0.774162                      0.0967703      
 4             11.6517                 0.443337                      0.0554171      
 5             11.98                   0.328264                      0.0410329      
 6             12.2461                 0.266078                      0.0332597      
 7             12.4755                 0.22942                       0.0286775      
 8             12.6723                 0.196833                      0.0246041      
 9             12.8472                 0.17488                       0.02186        
 10            13.0073                 0.160049                      0.0200061      

File: infiles/cantrbry/fields.c
 Length: 11150
 Memory (k)    Entropy H(Xn,...,Xn+k)  Entropy H(Xn+k|Xn,...Xn+k-1)  Max compression
 0             5.0069                  5.0069                        0.625862       
 1             7.95721                 2.95031                       0.368789       
 2             9.42745                 1.47024                       0.18378        
 3             10.2949                 0.867432                      0.108429       
 4             10.9188                 0.623882                      0.0779852      
 5             11.4174                 0.498635                      0.0623293      
 6             11.7915                 0.374148                      0.0467685      
 7             12.0569                 0.265372                      0.0331715      
 8             12.2598                 0.202843                      0.0253554      
 9             12.417                  0.157229                      0.0196537      
 10            12.5465                 0.129531                      0.0161914      

File: infiles/cantrbry/grammar.lsp
 Length: 3721
 Memory (k)    Entropy H(Xn,...,Xn+k)  Entropy H(Xn+k|Xn,...Xn+k-1)  Max compression
 0             4.63005                 4.63005                       0.578756       
 1             7.43459                 2.80454                       0.350567       
 2             8.72028                 1.28569                       0.160711       
 3             9.38995                 0.669678                      0.0837097      
 4             9.83777                 0.447816                      0.055977       
 5             10.208                  0.370268                      0.0462836      
 6             10.51                   0.302003                      0.0377504      
 7             10.7559                 0.245853                      0.0307316      
 8             10.9301                 0.174179                      0.0217724      
 9             11.0638                 0.133681                      0.0167102      
 10            11.1685                 0.104736                      0.013092       

File: infiles/cantrbry/kennedy.xls
 Length: 1029744
 Memory (k)    Entropy H(Xn,...,Xn+k)  Entropy H(Xn+k|Xn,...Xn+k-1)  Max compression
 0             3.57347                 3.57347                       0.446684       
 1             6.35078                 2.77731                       0.347164       
 2             8.0623                  1.71153                       0.213941       
 3             9.63951                 1.5772                        0.19715        
 4             11.0811                 1.44158                       0.180198       
 5             12.4354                 1.3543                        0.169288       

File: infiles/cantrbry/lcet10.txt
 Length: 426754
 Memory (k)    Entropy H(Xn,...,Xn+k)  Entropy H(Xn+k|Xn,...Xn+k-1)  Max compression
 0             4.66911                 4.66911                       0.583638       
 1             8.16612                 3.49701                       0.437126       
 2             10.7784                 2.6123                        0.326537       
 3             12.6167                 1.83833                       0.229791       
 4             13.9931                 1.37636                       0.172045       
 5             15.0707                 1.07755                       0.134694       
 6             15.9128                 0.842192                      0.105274       
 7             16.5588                 0.645961                      0.0807451      
 8             17.044                  0.485146                      0.0606432      

File: infiles/cantrbry/plrabn12.txt
 Length: 481861
 Memory (k)    Entropy H(Xn,...,Xn+k)  Entropy H(Xn+k|Xn,...Xn+k-1)  Max compression
 0             4.53135                 4.53135                       0.566419       
 1             7.89741                 3.36605                       0.420756       
 2             10.6143                 2.71691                       0.339614       
 3             12.7526                 2.13829                       0.267286       
 4             14.4821                 1.72945                       0.216181       
 5             15.8588                 1.37677                       0.172096       
 6             16.9054                 1.04662                       0.130827       
 7             17.6477                 0.742278                      0.0927848      

File: infiles/cantrbry/ptt5
 Length: 513216
 Memory (k)    Entropy H(Xn,...,Xn+k)  Entropy H(Xn+k|Xn,...Xn+k-1)  Max compression
 0             1.21018                 1.21018                       0.151272       
 1             2.03383                 0.823656                      0.102957       
 2             2.73903                 0.705197                      0.0881496      
 3             3.26942                 0.530386                      0.0662983      
 4             3.66663                 0.397216                      0.049652       
 5             3.98236                 0.315731                      0.0394664      
 6             4.26532                 0.282956                      0.0353695      
 7             4.53062                 0.265298                      0.0331623      
 8             4.77841                 0.247789                      0.0309737      
 9             5.01393                 0.235527                      0.0294409      
 10            5.23929                 0.22536                       0.02817        

File: infiles/cantrbry/sum
 Length: 38240
 Memory (k)    Entropy H(Xn,...,Xn+k)  Entropy H(Xn+k|Xn,...Xn+k-1)  Max compression
 0             5.32874                 5.32874                       0.666092       
 1             8.6267                  3.29796                       0.412246       
 2             10.5575                 1.93077                       0.241346       
 3             11.7569                 1.19946                       0.149933       
 4             12.4965                 0.739611                      0.0924513      
 5             13.0361                 0.539515                      0.0674394      
 6             13.4837                 0.44762                       0.0559525      
 7             13.8217                 0.338044                      0.0422554      
 8             14.0211                 0.199416                      0.024927       
 9             14.1788                 0.157678                      0.0197097      
 10            14.3128                 0.133998                      0.0167497      

File: infiles/cantrbry/xargs.1
 Length: 4227
 Memory (k)    Entropy H(Xn,...,Xn+k)  Entropy H(Xn+k|Xn,...Xn+k-1)  Max compression
 0             4.89741                 4.89741                       0.612176       
 1             8.09178                 3.19437                       0.399297       
 2             9.64043                 1.54865                       0.193581       
 3             10.3673                 0.726841                      0.0908551      
 4             10.7943                 0.427012                      0.0533765      
 5             11.0731                 0.278779                      0.0348474      
 6             11.2689                 0.195794                      0.0244743      
 7             11.427                  0.158116                      0.0197645      
 8             11.5514                 0.124436                      0.0155545      
 9             11.6432                 0.091762                      0.0114703      
 10            11.7141                 0.0709304                     0.0088663      

