File: infiles/cantrbry/alice29.txt
 Length: 152089
 Memory Entropy   Max compression
 0      4.56765   0.570957       
 1      3.99315   0.499143       
 2      3.49048   0.43631        
 3      3.0621    0.382763       
 4      2.71442   0.339303       
 5      2.42496   0.30312        
 6      2.18194   0.272742       
 7      1.97445   0.246806       
 8      1.79631   0.224539       
 9      1.64347   0.205434       
 10     1.51155   0.188944       

File: infiles/cantrbry/asyoulik.txt
 Length: 125179
 Memory Entropy   Max compression
 0      4.80808   0.601011       
 1      4.11287   0.514108       
 2      3.58796   0.448494       
 3      3.16488   0.39561        
 4      2.80784   0.350979       
 5      2.50095   0.312618       
 6      2.2381    0.279762       
 7      2.01146   0.251433       
 8      1.81746   0.227183       
 9      1.65273   0.206591       
 10     1.51271   0.189088       

File: infiles/cantrbry/cp.html
 Length: 24603
 Memory Entropy   Max compression
 0      5.22901   0.653627       
 1      4.34811   0.543514       
 2      3.47808   0.43476        
 3      2.8021    0.350263       
 4      2.33035   0.291294       
 5      1.99667   0.249584       
 6      1.74944   0.21868        
 7      1.55944   0.19493        
 8      1.40804   0.176005       
 9      1.28472   0.16059        
 10     1.18248   0.14781        

File: infiles/cantrbry/fields.c
 Length: 11150
 Memory Entropy   Max compression
 0      5.0069    0.625862       
 1      3.97861   0.497326       
 2      3.14248   0.39281        
 3      2.57372   0.321715       
 4      2.18375   0.272969       
 5      1.9029    0.237862       
 6      1.68451   0.210563       
 7      1.50711   0.188389       
 8      1.3622    0.170274       
 9      1.2417    0.155212       
 10     1.14059   0.142574       

File: infiles/cantrbry/grammar.lsp
 Length: 3721
 Memory Entropy   Max compression
 0      4.63005   0.578756       
 1      3.71729   0.464662       
 2      2.90676   0.363345       
 3      2.34749   0.293436       
 4      1.96755   0.245944       
 5      1.70134   0.212667       
 6      1.50143   0.187679       
 7      1.34449   0.168061       
 8      1.21445   0.151807       
 9      1.10638   0.138297       
 10     1.01532   0.126915       

File: infiles/cantrbry/kennedy.xls
 Length: 1029744
 Memory Entropy   Max compression
 0      3.57347   0.446684       
 1      3.17539   0.396924       
 2      2.68743   0.335929       
 3      2.40988   0.301235       
 4      2.21622   0.277027       
 5      2.07257   0.259071       

File: infiles/cantrbry/lcet10.txt
 Length: 426754
 Memory Entropy   Max compression
 0      4.66911   0.583638       
 1      4.08306   0.510382       
 2      3.59281   0.449101       
 3      3.15419   0.394273       
 4      2.79862   0.349827       
 5      2.51178   0.313972       
 6      2.27326   0.284158       
 7      2.06985   0.258731       
 8      1.89377   0.236722       

File: infiles/cantrbry/plrabn12.txt
 Length: 481861
 Memory Entropy   Max compression
 0      4.53135   0.566419       
 1      3.9487    0.493588       
 2      3.53811   0.442263       
 3      3.18815   0.398519       
 4      2.89641   0.362051       
 5      2.64314   0.330392       
 6      2.41506   0.301883       
 7      2.20597   0.275746       

File: infiles/cantrbry/ptt5
 Length: 513216
 Memory Entropy   Max compression
 0      1.21018   0.151272       
 1      1.01692   0.127115       
 2      0.91301   0.114126       
 3      0.817354  0.102169       
 4      0.733327  0.0916658      
 5      0.663727  0.0829659      
 6      0.609331  0.0761664      
 7      0.566327  0.0707909      
 8      0.530934  0.0663668      
 9      0.501393  0.0626742      
 10     0.4763    0.0595374      

File: infiles/cantrbry/sum
 Length: 38240
 Memory Entropy   Max compression
 0      5.32874   0.666092       
 1      4.31335   0.539169       
 2      3.51916   0.439895       
 3      2.93923   0.367404       
 4      2.49931   0.312414       
 5      2.17268   0.271585       
 6      1.92624   0.24078        
 7      1.72772   0.215964       
 8      1.5579    0.194738       
 9      1.41788   0.177235       
 10     1.30117   0.162646       

File: infiles/cantrbry/xargs.1
 Length: 4227
 Memory Entropy   Max compression
 0      4.89741   0.612176       
 1      4.04589   0.505736       
 2      3.21348   0.401685       
 3      2.59182   0.323977       
 4      2.15886   0.269857       
 5      1.84551   0.230689       
 6      1.60984   0.20123        
 7      1.42837   0.178546       
 8      1.28349   0.160436       
 9      1.16432   0.14554        
 10     1.06492   0.133115       

